1234567890123456789012
2345678901234567890123
3456789012345678901234
4567890123456789012345
5678901234567890123456
6789012345678901234567
7890123456789012345678
8901234567890123456789
9012345678901234567890
0123456789012345678901
1234567890123456789012
2345678901234567890123
3456789012345678901234
4567890123456789012345
5678901234567890123456
6789012345678901234567
7890123456789012345678
8901234567890123456789
9012345678901234567890
0123456789012345678901
1234567890123456789012
2345678901234567890123
3456789012345678901234
4567890123456789012345
5678901234567890123456
6789012345678901234567
7890123456789012345678
8901234567890123456789
9012345678901234567890
0123456789012345678901
1234567890123456789012
2345678901234567890123
3456789012345678901234
4567890123456789012345
5678901234567890123456
6789012345678901234567
7890123456789012345678
8901234567890123456789
9012345678901234567890
0123456789012345678901
1234567890123456789012
2345678901234567890123
3456789012345678901234
4567890123456789012345
5678901234567890123456
6789012345678901234567
7890123456789012345678
8901234567890123456789
9012345678901234567890